0 AL 40 1 50 Arts1 2 10 30 90 160 250
0 ML 60 3 50 Arts1 4 20 60 180 320 450
2 MKV 200 25 5
0 ECH 100 6 50 Arts2 6 30 90 270 400 550
0 PAS 100 8 50 Arts2 6 30 90 270 400 550
0 HH 120 9 50 Arts2 8 40 100 300 450 600
0 RCH 140 11 100 Eng 10 50 150 450 625 750
1 PAC 150 12
0 DWE 140 13 100 Eng 10 50 150 450 625 750
0 CPH 160 14 100 Eng 12 60 180 500 700 900
2 UWP 200 25 15
0 LHI 180 16 100 Health 14 70 200 550 750 950
0 BMH 180 18 100 Health 14 70 200 550 750 950
0 OPT 200 19 100 Health 16 80 220 600 800 1000
0 EV1 220 21 150 Env 18 90 250 700 875 1050
0 EV2 220 23 150 Env 18 90 250 700 875 1050
0 EV3 240 24 150 Env 20 100 300 750 925 1100
2 V1 200 25 25
0 PHYS 260 26 150 Sci1 22 110 330 800 975 1150
0 B1 260 27 150 Sci1 22 110 330 800 975 1150
1 CIF 150 28
0 B2 280 29 150 Sci1 24 120 360 850 1025 1200
0 EIT 300 31 200 Sci2 26 130 390 900 1100 1275
0 ESC 300 32 200 Sci2 26 130 390 900 1100 1275
0 C2 320 34 200 Sci2 28 150 450 1000 1200 1400
2 REV 200 25 35
0 MC 350 37 200 Math 35 175 500 1100 1300 1500
0 DC 400 39 200 Math 50 200 600 1400 1700 2000
